7784179;EOL-GR;0;869990965260;
7784180;EOL-GR;1250;869990965260;
7784181;EOL-GR;3487;869990965260;
7784182;EOL-GR;5724;869990965260;
7784183;EOL-GR;7961;869990965261;
7784184;EOL-GR;10198;869990965260;
7784185;EOL-GR;12435;869990965261;
7784186;EOL-GR;14672;869990965260;
7784187;EOL-GR;16909;869990965261;
7784188;EOL-GR;19146;869990965260;
7784189;EOL-GR;21383;869990965261;
7784190;EOL-GR;23670;869990965260;
7784191;EOL-GR;25957;869990965261;
7784192;EOL-GR;28244;869990965260;
7784193;EOL-GR;30481;869990965261;
7784194;EOL-GR;32718;869990965260;
7784195;EOL-GR;34955;869990965261;
7784179;SORTER-INPUT;36730;869990965260;
7784179;SORTER-Bay4-OUTPUT;36730;869990965260;
7784196;EOL-GR;37192;869990965260;
7784197;EOL-GR;39567;869990965261;
7784198;EOL-GR;41942;869990965260;
7784199;EOL-GR;44317;869990965261;
7784180;SORTER-INPUT;44404;869990965260;
7784180;SORTER-Bay4-OUTPUT;44404;869990965260;
7784200;EOL-GR;47054;869990965260;
7784201;EOL-GR;49429;869990965261;
7784202;EOL-GR;51804;869990965260;
7784182;SORTER-INPUT;52450;869990965260;
7784182;SORTER-Bay4-OUTPUT;52450;869990965260;
7784183;SORTER-INPUT;53650;869990965261;
7784183;SORTER-Bay5-OUTPUT;53650;869990965261;
7784203;EOL-GR;54541;869990965261;
7784181;SORTER-INPUT;56214;869990965260;
7784181;SORTER-Bay4-OUTPUT;56214;869990965260;
7784204;EOL-GR;56916;869990965260;
7784179;BAY-Bay4-INPUT;57942;869990965260;
7784205;EOL-GR;59291;869990965261;
7784186;SORTER-INPUT;60124;869990965260;
7784186;SORTER-Bay4-OUTPUT;60124;869990965260;
7784184;SORTER-INPUT;61336;869990965260;
7784184;SORTER-Bay4-OUTPUT;61336;869990965260;
7784206;EOL-GR;62028;869990965261;
7784185;SORTER-INPUT;62536;869990965261;
7784185;SORTER-Bay5-OUTPUT;62536;869990965261;
7784207;EOL-GR;64403;869990965261;
7784180;BAY-Bay4-INPUT;65616;869990965260;
7784208;EOL-GR;66778;869990965261;
7784187;SORTER-INPUT;68471;869990965261;
7784187;SORTER-Bay5-OUTPUT;68471;869990965261;
7784209;EOL-GR;69515;869990965261;
7784188;SORTER-INPUT;69671;869990965260;
7784188;SORTER-Bay4-OUTPUT;69671;869990965260;
7784210;EOL-GR;71890;869990965261;
7784211;EOL-GR;74265;869990965261;
7784182;BAY-Bay4-INPUT;74789;869990965260;
7784183;BAY-Bay5-INPUT;74814;869990965261;
7784191;SORTER-INPUT;75834;869990965261;
7784191;SORTER-Bay5-OUTPUT;75834;869990965261;
7784212;EOL-GR;77002;869990965261;
7784190;SORTER-INPUT;77046;869990965260;
7784190;SORTER-Bay4-OUTPUT;77046;869990965260;
7784189;SORTER-INPUT;78246;869990965261;
7784189;SORTER-Bay5-OUTPUT;78246;869990965261;
7784213;EOL-GR;79377;869990965261;
7784181;BAY-Bay4-INPUT;80161;869990965260;
7784214;EOL-GR;81752;869990965261;
7784186;BAY-Bay4-INPUT;82311;
7784195;SORTER-INPUT;83723;869990965261;
7784195;SORTER-Bay5-OUTPUT;83723;869990965261;
7784185;BAY-Bay5-INPUT;84486;869990965261
7784215;EOL-GR;84489;869990965261;
7784192;SORTER-INPUT;84923;869990965260;
7784192;SORTER-Bay4-OUTPUT;84923;869990965260;
7784183;BAY-Bay5-OUTPUT;85386;869990965261
7784216;EOL-GR;86726;869990965261;
7784193;SORTER-INPUT;87947;869990965261;
7784193;SORTER-Bay5-OUTPUT;87947;869990965261;
7784187;BAY-Bay5-INPUT;88158;869990965261;
7784217;EOL-GR;89101;869990965261;
7784218;EOL-GR;90713;869990965261;
7784194;SORTER-INPUT;92009;869990965260;
7784194;SORTER-Bay4-OUTPUT;92009;869990965260;
7784196;SORTER-INPUT;93209;869990965260;
7784196;SORTER-Bay4-OUTPUT;93209;869990965260;
7784200;SORTER-INPUT;98471;869990965260;
7784200;SORTER-Bay4-OUTPUT;98471;869990965260;
7784197;SORTER-INPUT;99683;869990965261;
7784197;SORTER-Bay5-OUTPUT;99683;869990965261;
7784199;SORTER-INPUT;100883;869990965261;
7784199;SORTER-Bay5-OUTPUT;100883;869990965261;
7784204;SORTER-INPUT;106145;869990965260;
7784204;SORTER-Bay4-OUTPUT;106145;869990965260;
7784198;SORTER-INPUT;107357;869990965260;
7784198;SORTER-Bay4-OUTPUT;107357;869990965260;
7784202;SORTER-INPUT;108557;869990965260;
7784201;SORTER-INPUT;115031;869990965261;
7784201;SORTER-Bay5-OUTPUT;115031;869990965261;
7784205;SORTER-INPUT;116231;869990965261;
7784205;SORTER-Bay5-OUTPUT;116231;869990965261;
7784186;BAY-Bay4-INPUT;116242;869990965260;
7784183;BAY-Bay5-OUTPUT;116242;869990965261;
7784184;BAY-Bay4-INPUT;117917;869990965260;
7784187;BAY-Bay5-INPUT;118817;869990965261;
7784188;BAY-Bay4-INPUT;122642;869990965260;
7784209;SORTER-INPUT;122752;869990965261;
7784209;SORTER-Bay5-OUTPUT;122752;869990965261;
7784203;SORTER-INPUT;124022;869990965261;
7784203;SORTER-Bay5-OUTPUT;124022;869990965261;
7784208;SORTER-INPUT;125822;869990965261;
7784208;SORTER-Bay5-OUTPUT;125822;869990965261;
